<?xml version="1.0" encoding="UTF-8"?>
<map version="1.0" tiledversion="1.0.2" orientation="orthogonal" renderorder="right-down" width="10" height="25" tilewidth="4" tileheight="4" nextobjectid="1">
 <tileset firstgid="1" source="tilesetBeachJungle.tsx"/>
 <layer name="Capa de Patrones 1" width="10" height="25">
  <data encoding="csv">
10,10,10,11,11,11,12,12,12,12,
10,11,10,10,11,11,15,16,12,12,
10,10,11,10,13,9,10,10,16,12,
10,10,10,13,9,9,10,10,10,16,
10,11,10,11,11,11,12,12,12,12,
10,10,10,10,11,11,11,12,12,12,
10,10,10,11,11,11,11,11,12,12,
10,10,10,11,11,11,12,11,12,12,
10,11,11,10,10,11,11,11,11,12,
10,11,11,11,11,11,11,11,11,11,
11,10,11,11,11,11,11,11,12,11,
11,10,11,11,11,11,11,11,11,12,
10,11,11,11,10,11,11,11,11,12,
10,11,11,11,10,11,12,11,11,12,
11,11,11,11,11,11,11,11,11,11,
11,11,11,10,11,11,11,11,11,11,
11,10,11,11,11,11,11,11,11,12,
11,11,10,11,10,11,11,11,12,12,
11,11,11,11,11,11,11,12,12,12,
11,11,11,10,11,11,11,12,12,12,
11,11,11,11,11,11,11,12,12,12,
10,11,11,11,11,11,11,12,12,11,
10,11,11,11,11,11,11,11,12,12,
10,10,11,11,11,11,11,11,11,11,
11,10,10,11,11,11,11,11,11,11
</data>
 </layer>
</map>
